Protein_0me	CHIR-265/RAF-265	Sunitinib	CHIR-258/TKI-258	AMG-706	SB-431542	Dasatinib	ZD-6474	BMS-387032/SNS-032	ABT-869	AST-487	Sorafenib	Lapatinib	MLN-518	EKB-569	Roscovitine	SU-14813	PKC-412	Erlotinib	JNJ-7706621	SB-202190	CP-690550	VX-680/MK-0457	Flavopiridol	CP-724714	Staurosporine	LY-333531	CI-1033	Imatinib	PI-103	GW-2580	Gefitinib	AZD-1152HQPA	VX-745	MLN-8054	SB-203580	BIRB-796	SB-203580	GW-786034	PTK-787
2G01	-47.943	-27.982	-29.351	-40.311	-43.547	-37.694	-34.842	-22.269	-40.598	-44.255	-44.594	-33.970	-37.732	-38.205	-33.257	-37.180	-28.701	-38.751	-33.208	-34.138	-32.560	-41.969	-24.218	-44.013	-24.577	-28.503	-45.573	-40.933	-30.324	-38.918	-39.266	-36.580	-28.846	-42.116	-36.179	-44.009	-38.577	-34.124	-37.562
1PMN	-46.787	-29.781	-23.661	-39.969	-41.595	-43.140	-36.428	-19.942	-43.839	-42.947	-46.391	-36.398	-33.852	-37.349	-40.890	-43.256	-26.826	-45.525	-39.867	-39.015	-32.134	-44.186	-28.992	-42.429	-18.571	-26.189	-47.428	-41.649	-36.637	-39.617	-43.742	-37.345	-34.680	-48.573	-46.292	-40.383	-45.882	-33.350	-42.454
3E7O	-50.430	-33.382	-32.838	-40.969	-34.065	-39.442	-35.418	-25.382	-41.733	-42.447	-44.738	-40.897	-33.625	-35.367	-36.365	-36.074	-22.161	-37.923	-32.088	-31.629	-29.865	-38.623	-28.646	-43.537	-15.352	-28.306	-44.642	-39.616	-32.524	-39.004	-42.024	-39.635	-32.043	-30.030	-35.327	-43.505	-32.398	-33.707	-36.770
2OU7	-48.181	-39.701	-42.237	-42.373	-39.369	-45.800	-42.477	-37.350	-43.038	-45.039	-53.891	-36.652	-34.483	-47.805	-36.428	-42.710	-38.046	-37.259	-34.490	-35.754	-35.853	-50.078	-36.110	-35.923	-35.266	-31.388	-48.323	-42.987	-33.240	-45.253	-46.100	-41.534	-34.342	-38.172	-37.763	-43.085	-41.129	-43.490	-38.017
2BUJ	-42.468	-40.227	-34.967	-31.410	-34.427	-45.392	-42.678	-35.939	-32.872	-48.833	-45.706	-42.333	-41.034	-50.271	-32.034	-39.687	-28.162	-39.238	-30.516	-28.977	-28.696	-43.320	-30.351	-38.792	-31.800	-30.320	-40.557	-42.778	-32.778	-46.603	-41.448	-44.083	-30.149	-30.525	-34.189	-37.303	-34.620	-43.975	-33.594
3COK	-45.934	-36.315	-30.244	-36.200	-38.859	-43.061	-38.937	-29.408	-39.545	-41.891	-38.137	-33.876	-34.916	-36.508	-35.285	-41.008	-28.803	-46.888	-38.012	-31.865	-37.479	-43.265	-32.858	-39.722	-37.281	-37.881	-43.489	-43.465	-30.664	-41.447	-41.498	-40.001	-37.342	-45.913	-41.708	-41.370	-37.388	-39.317	-41.460
3OCB	-46.125	-50.763	-66.839	-41.704	-37.339	-85.614	-67.826	-72.599	-40.203	-70.839	-48.688	-39.454	-59.340	-52.460	-34.305	-41.656	-32.397	-37.252	-37.161	-64.091	-68.679	-70.969	-71.606	-42.654	-49.475	-10.738	-43.844	-65.052	-26.713	-63.261	-66.713	-59.253	-40.752	-28.427	-40.915	-43.802	-42.631	-72.768	-40.811
2X39	-49.844	-51.736	-69.336	-43.536	-42.143	-83.991	-67.332	-75.524	-41.439	-70.578	-52.913	-44.861	-60.758	-56.814	-31.392	-45.673	-35.898	-40.836	-37.292	-60.519	-69.850	-71.742	-67.353	-41.000	-32.298	-39.444	-45.783	-67.505	-28.087	-71.997	-69.824	-41.988	-44.793	-27.532	-43.063	-44.255	-43.692	-74.091	-44.591
2W4O	-42.567	-41.349	-38.595	-35.346	-35.975	-44.396	-39.590	-30.215	-37.870	-50.846	-44.212	-35.794	-39.746	-40.751	-39.706	-32.770	-27.510	-35.532	-32.141	-34.879	-31.166	-37.787	-35.898	-40.801	-29.151	-32.346	-39.419	-41.900	-30.943	-43.745	-40.721	-39.399	-30.711	-27.083	-39.626	-44.846	-41.201	-44.447	-34.148
2CLQ	-43.674	-34.515	-32.405	-34.723	-33.089	-36.282	-37.088	-26.374	-36.910	-40.191	-41.570	-33.133	-39.258	-38.153	-34.780	-34.428	-32.594	-35.001	-32.342	-30.187	-30.590	-38.359	-34.895	-38.596	-31.820	-29.283	-39.168	-42.951	-29.895	-34.653	-38.099	-37.087	-26.290	-28.032	-31.367	-42.836	-32.311	-33.548	-33.164
2HW7	-43.252	-52.406	-49.796	-37.371	-40.053	-54.772	-59.599	-45.326	-37.402	-53.066	-45.970	-56.756	-46.933	-56.835	-37.668	-38.940	-29.365	-37.516	-36.954	-45.618	-47.467	-46.419	-50.422	-43.158	-40.554	-49.314	-42.175	-54.302	-38.867	-50.317	-44.417	-57.324	-32.117	-28.773	-40.770	-41.679	-38.746	-51.823	-38.769
2Z2W	-45.230	-54.648	-45.919	-40.968	-39.306	-55.797	-56.274	-45.864	-39.878	-62.358	-44.850	-54.868	-49.097	-57.585	-36.872	-42.416	-26.772	-42.028	-36.501	-37.524	-42.704	-48.741	-44.663	-42.141	-39.296	-45.109	-47.670	-46.357	-32.279	-50.561	-46.508	-54.817	-33.776	-32.944	-36.223	-48.194	-37.853	-56.414	-38.453
1U59	-43.973	-50.369	-47.257	-38.579	-35.938	-52.265	-53.880	-46.177	-42.941	-60.884	-46.808	-54.500	-46.457	-59.739	-35.997	-45.397	-27.729	-38.150	-33.104	-39.572	-49.061	-52.658	-46.573	-41.025	-49.289	-29.740	-38.241	-51.171	-36.097	-52.140	-42.643	-58.985	-34.700	-29.370	-34.752	-46.528	-37.751	-55.320	-37.444
3PP0	-45.643	-38.236	-35.537	-34.070	-31.092	-40.736	-39.587	-27.397	-36.155	-48.506	-43.879	-44.378	-23.611	-25.304	-32.842	-33.154	0.350	-41.568	-40.367	-28.312	-17.311	-38.007	-30.224	-42.106	40.205	313.929	-43.832	-39.857	-28.643	-41.180	-47.057	-42.743	-24.162	-27.879	-31.841	-38.670	-27.436	-29.838	-35.743
3QQU	-43.589	-45.506	-51.180	-37.745	-35.422	-58.884	-47.090	-41.701	-44.642	-55.889	-44.988	-46.817	-41.830	-55.138	-35.962	-40.685	-35.138	-34.685	-32.057	-48.728	-55.692	-47.758	-60.640	-42.412	-53.800	-38.606	-44.032	-50.459	-36.425	-56.873	-55.371	-40.287	-30.346	-30.815	-32.477	-39.276	-36.536	-53.016	-38.349
3BBT	-46.500	-32.056	-29.973	-41.845	-37.847	-43.047	-41.252	-23.139	-39.596	-43.557	-44.562	-39.144	-38.023	-36.194	-41.783	-37.760	-28.514	-44.298	-34.143	-33.030	-34.096	-45.597	-25.778	-45.868	-13.633	-18.724	-47.704	-46.416	-33.911	-40.512	-46.779	-38.266	-25.522	-33.935	-36.029	-49.153	-39.729	-31.307	-39.926
2ITN	-42.316	-49.307	-40.610	-40.266	-35.404	-48.448	-43.527	-40.410	-44.581	-46.688	-43.037	-38.857	-39.767	-54.010	-36.423	-44.340	-26.621	-38.940	-37.588	-33.866	-41.100	-45.212	-44.933	-40.988	-40.508	-38.594	-42.483	-46.307	-30.785	-46.277	-41.632	-53.679	-34.290	-32.168	-38.913	-42.976	-40.552	-45.711	-36.917
2WEL	-40.161	-41.650	-44.219	-38.064	-33.795	-49.673	-46.930	-42.688	-38.072	-53.215	-38.731	-42.879	-38.565	-52.370	-36.798	-37.878	-26.659	-36.258	-37.984	-37.922	-46.238	-41.472	-42.771	-38.356	-46.913	-38.999	-41.369	-48.897	-29.221	-47.527	-43.609	-43.601	-36.901	-29.152	-38.122	-43.514	-32.107	-47.703	-34.219
2F57	-42.847	-51.899	-54.121	-34.456	-37.329	-59.942	-53.811	-45.422	-36.540	-61.777	-42.933	-51.660	-49.624	-53.468	-33.030	-38.456	-31.597	-33.558	-28.822	-42.113	-45.362	-52.965	-47.923	-40.960	-43.860	-49.888	-47.534	-50.881	-32.315	-52.933	-58.619	-54.876	-34.255	-30.098	-36.515	-46.733	-40.322	-53.750	-34.145
2V7O	-46.621	-42.477	-41.541	-33.630	-33.939	-43.902	-46.696	-37.658	-38.559	-48.845	-41.774	-47.343	-40.656	-48.526	-35.870	-42.272	-29.952	-39.605	-32.753	-34.375	-35.752	-42.718	-46.575	-41.729	-44.402	-42.718	-44.631	-44.586	-33.466	-47.773	-42.041	-48.539	-34.585	-30.697	-32.597	-39.777	-35.017	-44.866	-35.521
2VZ6	-43.888	-35.992	-38.214	-38.828	-37.697	-41.091	-44.834	-30.974	-41.351	-43.264	-40.715	-39.915	-36.773	-42.300	-38.831	-38.080	-33.656	-38.133	-31.865	-32.968	-24.861	-40.201	-33.884	-44.091	-28.585	-27.137	-44.448	-38.649	-33.902	-37.006	-41.176	-40.711	-27.905	-28.884	-38.724	-45.225	-39.941	-47.153	-37.912
3BHH	-44.254	-41.505	-41.956	-37.504	-36.920	-46.862	-44.976	-38.268	-36.475	-50.165	-42.046	-47.727	-42.747	-48.218	-37.639	-40.889	-20.423	-41.782	-28.514	-32.677	-35.780	-45.195	-44.941	-38.705	-17.357	4.486	-44.670	-45.939	-29.764	-43.846	-44.485	-54.061	-31.539	-27.123	-33.707	-39.662	-34.863	-44.900	-37.158
2C47	-42.028	-44.642	-42.017	-33.982	-37.037	-50.251	-46.502	-38.877	-36.942	-49.890	-39.293	-46.572	-46.090	-49.862	-35.817	-42.106	-33.578	-34.821	-31.377	-40.538	-41.478	-43.343	-44.952	-41.419	-40.862	-38.762	-40.518	-43.510	-31.642	-51.466	-45.735	-45.241	-32.854	-29.378	-35.046	-44.491	-38.594	-45.867	-32.400
2IZS	-48.428	-58.728	-63.619	-41.881	-39.624	-62.636	-61.569	-49.086	-39.140	-64.070	-48.688	-53.964	-46.177	-57.034	-39.332	-41.011	-2.763	-41.039	-38.782	-49.253	-49.072	-58.055	-58.775	-46.521	-36.815	-44.593	-49.377	-52.169	-30.926	-58.403	-67.945	-52.297	-32.383	-28.265	-37.554	-43.326	-40.258	-59.464	-36.534
2CMW	-40.596	-37.386	-38.259	-36.385	-34.514	-40.077	-41.994	-33.611	-38.963	-43.407	-41.941	-37.381	-31.259	-50.840	-37.466	-34.676	-32.216	-33.831	-30.971	-30.610	-33.902	-46.197	-38.643	-37.927	-37.162	-41.812	-40.190	-40.669	-30.325	-47.036	-42.716	-42.472	-30.023	-29.951	-32.733	-37.891	-35.812	-42.775	-35.091
3LM0	-44.497	-40.871	-38.189	-36.647	-45.145	-43.084	-39.332	-35.159	-40.045	-43.081	-47.141	-43.408	-37.024	-43.443	-36.156	-41.260	-22.127	-40.754	-37.966	-37.579	-35.287	-38.296	-39.469	-41.874	-37.554	-34.537	-43.641	-42.214	-34.034	-37.787	-45.476	-43.885	-36.576	-31.496	-37.692	-42.377	-39.790	-43.348	-36.020
1OEC	-48.718	-49.830	-51.808	-37.218	-35.749	-55.401	-51.510	-46.645	-39.761	-52.914	-45.897	-50.487	-48.079	-58.912	-35.428	-43.940	-30.569	-35.495	-34.755	-42.995	-53.840	-48.158	-45.465	-44.145	-40.440	-49.358	-46.442	-54.907	-31.436	-52.678	-42.535	-52.288	-33.553	-26.892	-33.739	-41.917	-41.427	-52.397	-36.781
3E3B	-48.152	-38.556	-34.662	-41.404	-38.971	-40.626	-40.188	-31.195	-40.874	-42.351	-45.000	-41.442	-38.233	-40.928	-41.386	-39.379	-32.402	-40.705	-34.289	-34.688	-31.831	-47.217	-31.078	-42.120	-34.551	-30.258	-44.456	-41.193	-38.197	-41.337	-43.858	-44.678	-27.945	-37.700	-37.607	-46.621	-41.066	-36.097	-41.482
3RP0	-41.522	-45.556	-39.980	-38.555	-40.695	-51.469	-44.692	-38.389	-39.971	-51.065	-44.153	-47.551	-44.579	-50.590	-34.808	-41.850	-29.442	-38.172	-34.043	-34.134	-43.344	-43.454	-38.275	-45.040	-41.553	-45.957	-47.608	-43.240	-33.272	-50.260	-40.922	-40.571	-39.903	-33.004	-41.947	-44.020	-42.935	-41.655	-36.626
3GQI	-49.711	-45.696	-45.425	-39.119	-37.778	-50.828	-50.895	-40.508	-44.317	-52.279	-46.733	-44.503	-39.281	-53.602	-35.280	-47.744	-17.415	-40.446	-35.588	-36.140	-45.399	-47.257	-41.340	-41.347	-35.527	-31.660	-47.191	-45.865	-38.278	-51.442	-46.524	-60.305	-37.548	-29.152	-35.594	-45.965	-38.175	-50.038	-36.410
1XBC	-52.312	-49.993	-40.772	-39.217	-38.571	-52.693	-49.370	-42.295	-43.656	-49.331	-46.737	-47.367	-41.523	-55.518	-36.745	-50.518	-23.932	-41.535	-33.111	-42.011	-44.183	-46.916	-43.967	-42.598	-46.208	-22.337	-39.979	-45.565	-34.829	-49.215	-44.311	-56.433	-35.474	-30.863	-40.881	-48.767	-37.988	-45.870	-36.682
3H3C	-45.569	-49.734	-52.998	-36.344	-37.757	-66.644	-52.694	-48.213	-42.159	-58.928	-50.062	-53.360	-50.749	-57.970	-37.245	-38.723	-28.472	-38.990	-34.770	-48.304	-57.132	-53.325	-57.729	-42.689	-51.109	-54.067	-42.363	-57.432	-32.033	-54.539	-57.622	-52.091	-34.642	-32.984	-37.580	-44.682	-38.414	-56.709	-39.277
2O5K	-49.088	-38.992	-27.011	-40.330	-37.293	-45.861	-38.907	-29.725	-45.433	-42.840	-44.308	-36.956	-45.089	-33.850	-39.649	-45.419	-34.903	-42.740	-34.807	-31.464	-30.670	-44.392	-28.611	-51.177	-26.669	-28.811	-44.256	-44.858	-34.308	-39.555	-43.838	-41.143	-36.740	-41.797	-35.900	-52.275	-35.175	-34.105	-40.989
3EYG	-42.472	-35.326	-41.207	-40.032	-38.067	-44.200	-39.908	-33.424	-40.723	-42.711	-43.841	-39.760	-30.913	-43.859	-34.501	-32.886	-28.092	-37.912	-32.848	-37.452	-35.186	-43.825	-38.063	-41.309	6.446	-21.487	-41.327	-42.924	-33.349	-42.306	-45.778	-48.352	-33.769	-31.298	-38.847	-44.848	-40.150	-48.545	-42.591
2CDZ	-39.054	-43.996	-46.328	-34.116	-37.791	-54.649	-49.876	-44.715	-33.816	-52.832	-41.007	-46.518	-44.049	-53.888	-38.265	-36.094	-33.262	-36.127	-30.428	-38.221	-44.527	-47.137	-40.736	-40.931	-38.510	-49.339	-41.829	-44.504	-29.488	-50.014	-43.760	-47.235	-30.360	-29.003	-37.379	-45.164	-40.105	-48.408	-33.636
2XIK	-36.941	-31.219	-40.326	-33.187	-33.882	-42.998	-44.639	-29.059	-43.081	-46.295	-42.510	-37.450	-32.887	-46.537	-28.727	-31.898	-28.805	-35.936	-29.724	-37.931	-32.308	-39.436	-29.861	-38.062	-11.580	-21.771	-41.644	-33.491	-29.654	-41.201	-41.107	-36.174	-26.975	-25.367	-32.373	-39.874	-35.749	-40.277	-34.614
2HY8	-44.147	-51.567	-50.251	-36.090	-37.199	-52.064	-55.004	-43.488	-33.977	-59.124	-43.402	-48.344	-45.831	-60.151	-34.659	-36.677	-35.291	-38.108	-35.652	-41.422	-47.065	-46.837	-46.571	-46.754	-51.409	-44.542	-39.355	-47.018	-29.929	-51.111	-55.957	-51.104	-31.071	-23.959	-38.143	-46.532	-37.368	-49.364	-34.491
3SOC	-40.650	-35.922	-26.718	-40.407	-45.953	-45.845	-34.609	-25.303	-38.500	-49.789	-48.530	-28.412	-33.743	-32.325	-38.162	-41.479	-25.123	-37.677	-35.809	-32.886	-27.486	-44.129	-23.266	-36.843	-15.319	-25.812	-42.768	-41.952	-31.416	-40.987	-39.572	-38.264	-24.225	-39.487	-38.309	-46.942	-41.271	-29.491	-35.571
3QRJ	-46.035	-44.923	-45.164	-37.502	-32.663	-56.248	-45.947	-43.862	-37.979	-57.960	-41.260	-28.736	-43.015	-47.089	-32.288	-38.707	-11.899	-32.384	-31.309	-47.520	-52.344	-51.465	-43.118	-38.564	-28.241	-41.137	-33.734	-49.119	-22.704	-50.687	-54.417	-31.325	-37.665	-27.458	-31.816	-36.963	-32.054	-60.556	-35.824
2EB3	-43.040	-48.449	-40.146	-40.513	-37.847	-46.954	-46.101	-47.772	-41.684	-49.734	-42.120	-47.807	-45.014	-58.839	-38.979	-46.175	-35.859	-41.885	-34.816	-35.054	-40.637	-44.380	-39.637	-47.315	-40.894	-49.121	-48.594	-48.571	-30.412	-47.701	-45.460	-45.932	-35.700	-35.264	-36.083	-45.809	-38.619	-47.374	-35.989
2JBO	-44.333	-49.088	-56.573	-36.126	-38.651	-54.296	-51.569	-51.818	-41.516	-54.165	-48.294	-56.499	-41.157	-61.119	-32.996	-42.427	-31.249	-39.730	-36.986	-44.042	-39.609	-46.607	-43.970	-45.547	-29.341	-27.350	-46.738	-46.570	-30.948	-54.837	-44.686	-50.351	-33.990	-30.874	-33.970	-42.022	-38.812	-52.157	-46.857
2X4F	-43.796	-39.578	-37.846	-38.329	-39.686	-43.484	-35.261	-28.894	-40.776	-40.657	-42.736	-42.856	-38.500	-43.376	-34.903	-40.929	-22.775	-33.850	-32.692	-33.129	-23.430	-36.159	-26.340	-40.518	-21.882	-26.987	-41.933	-37.188	-31.502	-37.328	-42.663	-46.965	-29.592	-28.803	-30.656	-40.979	-32.859	-35.198	-33.492
2WQN	-40.482	-43.078	-39.998	-37.961	-36.244	-44.509	-46.048	-38.323	-35.383	-47.911	-44.988	-42.574	-38.637	-41.014	-32.155	-40.455	-32.566	-37.281	-33.604	-38.201	-42.470	-46.618	-43.581	-36.453	-41.499	-26.598	-41.272	-45.566	-27.681	-49.416	-49.407	-45.881	-37.168	-42.106	-38.217	-39.624	-40.322	-51.516	-36.945
2XNM	-42.860	-33.047	-24.845	-39.530	-34.961	-42.439	-33.834	-29.768	-38.449	-40.457	-45.333	-31.670	-31.479	-37.475	-39.296	-44.452	-26.246	-42.520	-35.305	-37.777	-31.570	-40.549	-35.327	-41.677	-32.261	-33.763	-43.250	-36.925	-34.028	-40.786	-39.719	-34.284	-40.042	-54.514	-37.231	-38.655	-41.807	-40.329	-37.788
2VWZ	-52.864	-46.557	-37.969	-40.933	-41.589	-48.334	-46.580	-37.862	-41.139	-47.754	-46.113	-44.767	-40.184	-54.782	-39.461	-46.158	-28.689	-42.348	-34.539	-35.033	-32.863	-47.698	-44.053	-44.048	-42.339	-36.815	-47.002	-49.317	-33.528	-50.051	-47.513	-53.755	-44.499	-37.871	-38.313	-47.500	-39.548	-50.381	-42.405
3GGF	-45.514	-40.080	-42.310	-41.547	-38.651	-45.403	-42.819	-33.762	-41.734	-51.836	-50.715	-40.747	-35.311	-48.856	-37.833	-45.891	-17.290	-41.915	-36.045	-34.818	-36.102	-41.555	-39.165	-45.116	-28.336	-37.792	-43.743	-46.776	-33.207	-42.192	-43.919	-46.731	-41.946	-35.904	-38.351	-43.449	-37.073	-46.612	-36.476
3DKO	-45.542	-40.667	-29.680	-37.961	-33.600	-43.103	-34.195	-29.418	-35.589	-49.003	-44.487	-27.510	-33.204	-28.834	-32.452	-37.346	-28.113	-30.855	-30.699	-43.044	-22.273	-35.780	-20.589	-30.816	0	-17.521	-33.528	-43.390	-27.998	-41.735	-47.681	-35.351	-32.654	-24.524	-28.940	-40.483	-27.902	-45.587	-31.878
3A7H	-48.252	-55.871	-47.369	-40.398	-38.833	-48.646	-49.621	-46.871	-40.892	-58.790	-48.879	-44.993	-53.080	-56.721	-33.977	-50.434	-31.744	-38.947	-38.557	-37.419	-45.708	-46.613	-40.511	-44.418	-48.218	-39.073	-43.732	-48.738	-30.798	-55.791	-49.345	-54.109	-41.475	-38.642	-40.195	-48.863	-45.918	-49.377	-38.746
3H9F	-51.759	-40.747	-41.337	-37.617	-39.730	-48.666	-45.004	-38.236	-39.588	-49.605	-75.449	-33.690	-32.408	-43.805	-41.940	-48.352	-32.916	-43.177	-37.137	-35.225	-32.585	-48.757	-39.588	-63.536	-17.569	-18.286	-49.498	-53.259	-26.233	-54.242	-45.043	-44.903	-34.605	-36.811	-53.913	-47.013	-53.928	-89.844	-39.277
1SM2	-44.850	-44.216	-45.820	-38.903	-34.727	-52.645	-51.784	-45.625	-39.036	-52.394	-44.645	-55.784	-44.782	-56.184	-35.152	-38.897	-29.394	-40.336	-32.871	-38.591	-45.978	-47.072	-39.553	-44.314	-41.529	-35.873	-40.254	-48.174	-33.046	-47.209	-44.789	-49.574	-31.985	-30.799	-36.911	-48.991	-34.313	-48.592	-39.196
3G2F	-44.506	-30.494	-36.744	-38.062	-37.251	-43.199	-40.975	-31.616	-41.513	-40.892	-50.100	-36.804	-31.623	-39.623	-36.088	-37.890	-19.057	-40.052	-39.198	-33.673	-33.762	-38.119	-30.316	-37.951	21.182	-7.518	-38.501	-39.365	-32.993	-37.727	-43.896	-48.002	-34.543	-29.063	-34.230	-40.363	-39.266	-33.990	-37.349
2Y7J	-42.918	-60.939	-67.445	-35.081	-36.895	-70.233	-65.004	-61.094	-39.689	-70.475	-50.617	-68.659	-57.513	-69.949	-36.995	-40.244	-34.106	-41.010	-36.589	-52.188	-43.546	-58.412	-55.078	-43.562	-35.192	-53.489	-41.166	-61.625	-31.533	-56.578	-51.820	-62.492	-31.668	-27.889	-41.200	-43.467	-44.844	-64.059	-35.804
2GDO	-56.011	-76.388	-97.414	-45.034	-47.319	-109.487	-80.708	-77.095	-45.425	-86.367	-65.223	-88.772	-69.010	-87.580	-34.279	-48.050	-28.350	-47.346	-37.089	-75.929	-68.352	-79.474	-73.812	-56.984	198.949	0.640	-52.465	-77.005	-29.725	-78.443	-83.364	-72.614	-42.503	-24.465	-46.561	-54.762	-50.545	-82.792	-46.140
3MY0	-43.856	-38.841	-41.664	-38.360	-36.831	-46.694	-40.393	-25.761	-39.780	-45.731	-42.970	-39.682	-33.186	-37.659	-33.381	-38.705	-23.344	-46.746	-37.466	-37.166	-29.064	-38.565	-43.567	-45.534	-23.418	-34.171	-45.078	-46.602	-33.069	-39.436	-41.487	-35.780	-32.470	-31.685	-33.139	-42.598	-33.097	-40.674	-42.481
3D7T	-40.275	-43.881	-44.251	-34.093	-30.505	-47.384	-50.401	-39.577	-33.650	-50.515	-41.986	-48.019	-43.540	-46.129	-31.509	-36.048	-28.725	-30.299	-28.838	-36.284	-40.362	-45.740	-42.620	-38.436	-38.489	-39.650	-38.897	-48.208	-27.290	-46.553	-45.209	-45.280	-29.621	-32.399	-30.207	-41.360	-35.250	-46.213	-33.254
1AD5	-46.043	-40.662	-36.557	-43.425	-38.358	-47.578	-39.873	-30.351	-41.281	-48.737	-48.767	-33.554	-37.670	-34.410	-39.166	-47.482	-31.567	-37.390	-35.480	-33.195	-35.106	-45.689	-33.274	-39.577	-32.383	-30.073	-49.841	-40.604	-30.894	-41.595	-43.739	-38.293	-35.149	-43.232	-35.453	-40.405	-35.381	-38.643	-38.377
1UWJ	-52.502	-30.987	-32.530	-33.041	-33.219	-39.026	-35.204	-22.443	-45.906	-44.019	-48.461	-20.470	-25.877	-25.011	-39.246	-34.635	-13.015	-31.746	-32.131	-27.366	-32.420	-30.658	-19.645	-41.986	0	0	-42.825	-34.737	-24.460	-40.825	-48.605	-41.784	-31.917	-28.358	-31.523	-34.839	-28.703	-42.588	-39.167
1U4D	-43.398	-35.585	-41.649	-42.196	-40.559	-43.652	-35.789	-28.015	-34.771	-46.980	-45.819	-39.119	-33.385	-41.581	-33.604	-36.247	-12.102	-42.613	-37.069	-37.554	-29.923	-41.775	-30.411	-43.382	4.510	-8.699	-43.080	-39.036	-31.474	-44.504	-45.124	-38.210	-32.953	-37.135	-38.447	-47.729	-39.310	-42.477	-40.259
2ZV2	-41.722	-28.221	-35.720	-39.950	-33.697	-36.161	-31.923	-24.826	-36.450	-37.692	-45.439	-34.962	-23.501	-38.076	-38.405	-28.470	-25.765	-37.522	-33.516	-29.758	-22.625	-38.041	-18.726	-39.227	-18.299	-24.987	-38.621	-36.586	-33.417	-37.710	-39.273	-38.832	-29.223	-27.047	-34.535	-44.070	-36.137	-36.178	-37.432
2P2I	-38.520	-28.759	-38.625	-41.563	-22.645	-39.045	-43.308	-32.448	-37.020	-43.287	-46.365	1.477	-38.474	-25.417	-18.652	-30.710	0	-24.705	-31.852	-9.482	-36.265	-40.347	677.530	-33.794	0	0	-32.501	-48.572	61.918	-47.430	-31.224	-39.158	-28.884	-3.034	-12.517	-34.595	-23.141	-37.605	-52.988
3L8P	-48.777	-33.801	-34.798	-40.135	-38.522	-47.227	-38.073	-32.338	-44.636	-47.513	-46.535	-35.157	-35.744	-42.348	-35.421	-35.688	-7.542	-42.593	-36.191	-33.602	-31.719	-45.493	-35.761	-43.043	-20.732	-26.289	-47.235	-42.783	-39.941	-43.760	-44.613	-40.159	-33.404	-31.535	-35.648	-45.760	-40.957	-47.211	-39.316
2VAG	-45.202	-34.909	-53.016	-40.366	-38.273	-66.418	-48.392	-39.936	-46.905	-54.495	-74.963	-26.655	-57.424	-42.916	-37.291	-35.388	0	-40.138	-35.098	-46.731	-31.284	-53.723	-34.398	-39.843	7.910	148.315	-40.179	-47.757	-33.787	-49.329	-50.470	-44.191	-33.488	-21.802	-35.371	-48.954	-33.546	-65.966	-34.926
3NR9	-47.717	-45.332	-46.373	-37.120	-35.571	-54.786	-46.340	-39.111	-39.971	-53.214	-48.081	-41.747	-42.573	-52.740	-36.561	-39.473	-33.459	-36.330	-36.474	-42.950	-37.705	-44.144	-50.680	-48.399	-43.367	-27.553	-39.829	-42.495	-37.423	-51.398	-50.206	-45.533	-29.535	-32.850	-34.091	-54.210	-37.075	-54.081	-36.680
2WU6	-52.463	-42.346	-41.511	-39.098	-37.094	-51.089	-48.630	-38.606	-41.231	-51.006	-46.308	-43.775	-43.963	-52.491	-36.213	-40.055	-17.780	-36.082	-37.987	-34.749	-35.346	-41.418	-42.454	-41.117	-40.215	-36.685	-40.821	-40.948	-34.824	-44.837	-43.246	-46.269	-34.464	-27.973	-32.486	-48.832	-35.930	-44.447	-38.159
1QPJ	-47.695	-53.354	-49.004	-41.597	-38.220	-53.216	-57.025	-46.186	-47.061	-56.171	-43.371	-57.450	-48.934	-58.746	-39.726	-45.810	-29.562	-39.607	-37.224	-38.821	-43.592	-49.420	-49.053	-47.312	-47.935	-39.764	-50.290	-57.286	-34.930	-50.293	-47.236	-56.150	-36.682	-27.067	-40.059	-43.159	-40.386	-49.411	-39.216
3OCS	-44.869	-32.649	-34.311	-37.376	-33.244	-39.679	-36.253	-33.422	-42.437	-40.791	-44.154	-35.466	-35.827	-35.770	-34.020	-35.222	-24.523	-33.018	-34.538	-32.337	-34.290	-41.235	-29.251	-43.274	-24.075	-22.851	-40.270	-41.700	-26.323	-40.733	-43.682	-37.767	-32.063	-31.761	-28.424	-41.487	-36.788	-41.638	-31.885
3GC7	-43.845	-46.586	-44.430	-38.062	-38.614	-51.857	-46.070	-45.562	-39.863	-48.351	-46.542	-42.845	-39.863	-54.253	-34.761	-41.283	-34.888	-37.371	-34.281	-40.147	-49.344	-49.261	-49.195	-43.010	-43.561	-54.921	-49.834	-50.139	-27.717	-55.710	-46.346	-40.575	-43.066	-33.044	-34.454	-44.267	-37.131	-54.500	-38.841
1CM8	-43.077	-29.606	-31.783	-34.134	-34.173	-37.319	-31.701	-24.443	-36.155	-41.742	-40.144	-20.830	-24.049	-33.400	-31.878	-37.224	-23.821	-33.034	-26.518	-30.775	-26.721	-40.010	-29.033	-37.409	-24.128	-14.982	-42.530	-36.352	-23.718	-34.790	-38.106	-34.946	-29.646	-30.957	-32.680	-38.656	-34.254	-36.038	-34.199
3FXX	-44.064	-48.499	-41.287	-43.157	-37.454	-47.989	-48.015	-43.832	-40.099	-52.530	-47.879	-50.588	-43.911	-57.638	-34.429	-51.817	-31.887	-40.932	-35.834	-38.766	-44.621	-51.435	-41.155	-44.578	-46.846	-41.828	-45.357	-45.919	-33.303	-51.220	-43.533	-56.271	-40.839	-32.482	-40.179	-44.550	-40.934	-50.090	-40.400
1MQB	-44.365	-58.387	-47.388	-42.937	-36.885	-55.022	-63.826	-54.947	-45.919	-59.408	-47.200	-55.068	-55.753	-58.187	-36.812	-49.785	-33.176	-37.694	-32.227	-45.525	-54.642	-59.296	-48.185	-45.460	-37.746	-40.622	-39.164	-56.777	-33.059	-60.943	-52.386	-66.914	-42.843	-41.189	-44.948	-44.287	-47.682	-54.515	-39.914
2X2L	-48.374	-52.593	-52.615	-40.013	-42.816	-59.423	-61.947	-54.712	-44.961	-57.797	-49.480	-65.977	-50.047	-63.151	-36.710	-35.747	-30.936	-40.333	-33.808	-41.522	-39.095	-56.376	-48.492	-43.027	-29.165	-31.381	-41.446	-54.392	-32.582	-51.764	-48.805	-54.821	-31.554	-35.375	-38.203	-49.485	-39.369	-52.339	-39.596
2X7F	-37.889	-32.539	-40.362	-32.340	-33.840	-47.540	-40.895	-31.525	-34.677	-44.611	-41.850	-28.291	-24.831	-49.936	-30.525	-31.884	251.897	-46.433	-26.696	-29.518	-27.048	-33.617	-21.857	-37.022	0	0	-46.650	-39.383	-24.522	-42.191	-43.218	-32.492	-29.365	-22.436	-32.002	-34.316	-32.158	-32.479	-36.263
3QRK	-43.780	-50.296	-56.078	-38.324	-36.162	-65.278	-55.271	-51.393	-39.870	-63.528	-45.316	-39.724	-51.531	-55.825	-33.015	-40.267	-13.301	-33.049	-30.524	-52.020	-59.003	-55.983	-52.488	-41.668	-39.243	-17.154	-42.965	-56.779	-26.594	-56.831	-63.817	-46.414	-35.876	-23.766	-34.004	-37.214	-39.585	-67.461	-37.330
3FME	-41.867	-35.148	-26.800	-36.385	-33.693	-44.401	-32.597	-24.309	-41.062	-40.021	-43.587	-33.967	-40.727	-35.867	-35.833	-40.360	-20.066	-37.083	-35.750	-34.836	-34.062	-38.520	-32.616	-42.670	-28.713	-24.868	-39.669	-42.231	-30.067	-36.352	-40.928	-35.705	-41.272	-43.616	-32.268	-48.342	-34.352	-35.335	-37.771
3GVU	-44.822	-49.932	-49.532	-33.664	-35.048	-60.696	-52.185	-49.957	-45.479	-57.189	-53.081	-31.119	-42.718	-44.386	-32.717	-39.411	-18.036	-38.534	-33.909	-49.180	-55.525	-56.006	-44.490	-39.028	5.009	-26.650	-46.300	-54.674	-23.279	-62.180	-56.758	-45.786	-36.923	-26.684	-32.265	-38.625	-32.787	-55.035	-35.384
3OMV	-45.531	-36.570	-25.639	-39.163	-36.010	-39.245	-35.676	-28.448	-37.951	-37.698	-38.600	-29.351	-34.297	-25.070	-40.398	-44.944	-20.601	-37.625	-30.440	-36.215	-27.489	-40.926	-34.724	-37.339	-6.368	39.443	-40.009	-45.867	-36.899	-33.757	-37.217	-32.644	-24.385	-40.343	-35.597	-45.868	-40.055	-30.037	-42.815
3HNG	-47.364	-33.294	-29.985	-39.557	-10.405	-41.998	-38.898	-32.354	-45.534	-42.066	-45.410	-16.387	-15.625	-23.472	-25.774	-33.507	0	-20.144	-27.766	-37.279	-28.041	-28.494	1.082	-44.067	0	0	-32.763	-46.465	8.396	-46.701	-41.929	-45.830	-34.427	-23.853	-19.562	-27.789	-14.530	-42.459	-52.389
3LCD	-45.291	-42.489	-45.504	-35.680	-36.678	-48.145	-44.456	-40.479	-38.095	-47.327	-45.944	-48.871	-42.170	-52.347	-35.849	-37.967	-31.422	-38.404	-36.908	-38.233	-37.853	-42.972	-43.022	-41.888	-45.999	-41.815	-43.664	-44.078	-34.746	-43.621	-43.017	-49.539	-31.460	-30.066	-34.843	-44.052	-36.049	-47.656	-35.601
3MTL	-39.919	-33.201	-38.771	-33.892	-34.278	-38.386	-39.835	-27.755	-39.911	-38.236	-44.213	-27.326	-32.132	-36.658	-33.768	-33.730	23.675	-39.955	-26.898	-33.706	-27.494	-33.618	-32.199	-33.704	7.552	-12.388	-35.409	-32.997	-37.227	-38.046	-37.389	-34.018	-32.650	-24.496	-29.838	-39.094	-26.816	-41.403	-42.463
3KN5	-47.877	-62.347	-66.395	-36.947	-39.027	-74.429	-63.482	-59.368	-38.690	-69.230	-50.273	-56.414	-54.057	-62.940	-40.160	-44.841	-32.918	-39.848	-36.405	-58.284	-61.346	-65.918	-58.641	-46.731	-49.728	-52.546	-44.060	-62.866	-32.763	-60.471	-72.006	-60.601	-37.757	-29.351	-40.441	-45.210	-41.939	-68.045	-42.050
2SRC	-44.984	-35.894	-34.247	-41.074	-40.240	-45.676	-45.112	-25.750	-43.302	-44.026	-44.257	-35.322	-36.881	-39.073	-40.847	-38.777	-29.448	-41.592	-37.790	-31.912	-39.252	-50.261	-37.469	-43.852	-31.834	-28.743	-50.428	-45.087	-32.337	-42.908	-48.048	-43.746	-38.935	-40.492	-40.042	-51.793	-40.843	-38.742	-39.354
2QLU	-39.268	-38.022	-36.971	-36.669	-36.495	-47.556	-40.246	-21.792	-47.807	-45.002	-45.706	-30.383	-26.493	-29.619	-34.688	-33.153	0	-40.173	-33.114	-29.542	-26.530	-29.053	-22.731	-44.951	646.805	64.738	-42.749	-37.571	-24.682	-40.593	-40.149	-37.105	-31.037	-28.278	-37.250	-41.674	-30.541	-35.261	-33.799
3S95	-44.827	-53.342	-47.734	-38.601	-39.694	-52.152	-54.336	-46.969	-41.194	-53.188	-49.651	-58.177	-45.969	-61.384	-37.723	-45.824	-28.198	-37.729	-33.449	-40.476	-45.085	-48.111	-45.440	-43.959	-50.497	-42.016	-40.705	-47.516	-34.468	-56.676	-49.753	-55.727	-36.905	-32.163	-37.668	-44.911	-39.891	-48.963	-36.927
3LXN	-44.198	-39.557	-44.289	-40.988	-37.580	-48.080	-47.753	-41.730	-40.243	-47.082	-48.190	-39.067	-41.527	-51.697	-36.862	-32.627	282.719	-39.447	-38.120	-36.233	-33.433	-40.397	-33.397	-43.349	-1.704	-17.377	-47.268	-44.062	-31.777	-43.948	-42.906	-36.708	-33.301	-31.937	-37.098	-44.147	-39.317	-43.649	-39.186
3GC8	-48.533	-37.981	-35.122	-42.088	-41.623	-45.187	-38.868	-27.346	-42.741	-47.685	-47.668	-40.931	-28.416	-39.542	-40.401	-46.867	192.139	-51.811	-36.418	-41.810	-31.561	-42.684	-30.130	-46.502	116.783	8.705	-44.893	-42.790	-37.474	-49.866	-46.055	-39.140	-42.992	-36.904	-42.179	-47.000	-44.851	-42.127	-42.649
3CD3	-44.825	-54.357	-55.308	-37.136	-37.426	-66.611	-58.058	-49.503	-40.133	-60.094	-46.388	-65.693	-51.126	-63.329	-36.866	-40.693	-38.167	-40.303	-32.819	-48.810	-49.097	-53.822	-48.742	-43.396	-54.310	-41.440	-40.184	-54.321	-34.523	-57.543	-61.937	-55.846	-37.506	-28.232	-39.385	-45.925	-39.409	-54.687	-35.379
3BPR	-41.489	-42.648	-43.966	-34.814	-34.944	-49.920	-46.340	-40.796	-41.274	-51.851	-45.262	-42.180	-38.723	-52.778	-37.963	-37.636	-31.481	-37.366	-31.705	-39.770	-44.198	-42.614	-44.289	-44.874	-45.618	-36.681	-42.092	-48.516	-29.299	-49.465	-45.306	-45.106	-37.671	-29.124	-37.438	-41.951	-38.350	-52.713	-38.632
1WBP	-40.923	-46.910	-38.255	-36.458	-34.748	-42.881	-46.733	-45.250	-38.930	-50.163	-46.951	-43.413	-44.204	-56.549	-35.327	-42.559	-38.979	-39.497	-36.413	-36.001	-40.372	-52.732	-47.343	-35.699	-40.731	-50.267	-48.081	-41.971	-29.318	-48.701	-45.590	-44.426	-34.545	-30.598	-35.903	-48.795	-37.071	-46.581	-34.976
3A4O	-41.778	-41.547	-37.204	-35.158	-37.709	-42.213	-44.544	-32.533	-40.668	-41.686	-40.537	-44.208	-42.341	-49.722	-37.008	-40.431	-28.457	-40.666	-33.944	-31.736	-34.399	-49.493	-41.844	-41.525	-41.265	-45.027	-41.327	-42.549	-34.300	-44.481	-40.959	-47.829	-34.937	-31.930	-36.753	-44.134	-36.881	-44.233	-37.052
2X7G	-46.514	-54.071	-50.553	-35.256	-36.355	-46.540	-60.101	-49.374	-41.828	-65.626	-44.833	-44.663	-44.391	-59.628	-40.190	-43.529	-32.266	-39.683	-36.923	-42.422	-40.334	-54.945	-47.570	-38.109	-48.821	-59.114	-41.996	-51.272	-31.439	-53.471	-50.426	-51.689	-37.541	-36.992	-39.535	-38.400	-38.329	-55.662	-34.557
3LCS	-46.382	-42.817	-45.524	-39.122	-35.425	-53.169	-50.450	-40.702	-39.660	-51.744	-43.304	-45.862	-42.323	-49.422	-38.107	-37.598	-24.718	-38.371	-35.294	-39.143	-43.960	-44.140	-45.340	-43.090	-42.404	-39.438	-39.170	-46.501	-32.048	-48.789	-44.232	-50.977	-33.591	-34.695	-35.221	-45.139	-34.363	-48.407	-39.219
3C1X	-41.887	-44.416	-44.856	-33.784	-36.255	-46.828	-48.662	-36.214	-36.779	-47.890	-40.073	-44.691	-44.940	-44.746	-34.357	-34.981	-25.116	-30.268	-25.935	-34.621	-31.625	-50.400	-43.312	-38.130	-31.904	-30.350	-35.374	-50.649	-24.950	-46.032	-37.883	-49.108	-32.550	-27.967	-34.289	-36.875	-33.864	-52.276	-35.221
2CCH	-42.671	-44.789	-49.587	-40.178	-34.308	-62.844	-53.287	-49.979	-37.804	-60.978	-47.633	-36.951	-49.312	-55.438	-34.748	-40.790	-26.427	-35.233	-31.483	-46.053	-57.195	-55.164	-56.118	-43.165	-40.809	-46.084	-43.578	-51.246	-27.899	-58.948	-57.248	-42.155	-39.105	-29.239	-35.492	-46.934	-35.527	-58.911	-36.978
1UA2	-54.830	-39.272	-29.880	-49.142	-42.807	-48.259	-43.281	-33.741	-46.167	-50.777	-47.614	-31.803	-42.245	-50.822	-40.375	-42.649	-25.419	-43.014	-40.185	-39.963	-47.127	-44.749	-41.952	-41.387	-45.565	-46.260	-50.357	-41.240	-40.006	-53.094	-50.582	-38.659	-43.461	-55.446	-40.973	-46.228	-44.278	-47.184	-48.631
3RGF	-37.482	-25.378	-25.150	-29.173	-25.701	-27.939	-36.377	-17.188	-32.064	-37.506	-41.384	-20.266	-22.303	-21.304	-28.300	-28.158	-16.497	-30.649	-29.551	-22.796	-20.873	-23.890	-12.718	-35.239	0	117.066	-29.850	-30.807	-23.869	-39.281	-38.212	-29.687	-24.728	-26.575	-24.901	-31.062	-26.753	-29.638	-30.827
3BLQ	-39.849	-47.359	-39.876	-38.648	-34.234	-46.761	-44.577	-43.498	-39.146	-48.874	-39.450	-48.009	-46.384	-53.610	-33.547	-38.594	-29.676	-37.214	-34.973	-33.577	-42.839	-43.278	-38.609	-41.918	-43.054	-44.518	-40.977	-46.270	-28.342	-49.920	-46.363	-45.264	-36.092	-31.154	-32.697	-38.191	-38.770	-48.332	-37.010
2IJM	-50.677	-55.482	-46.147	-42.390	-40.396	-52.371	-54.365	-47.267	-44.050	-50.087	-48.600	-50.874	-38.376	-51.367	-36.107	-45.231	-29.963	-44.334	-36.933	-41.041	-45.999	-52.338	-43.517	-45.280	-40.872	-38.923	-42.825	-47.698	-32.751	-60.170	-50.632	-58.246	-38.772	-38.607	-39.486	-41.060	-39.983	-49.425	-40.548
3H9R	-42.143	-37.634	-40.030	-39.281	-36.707	-47.657	-37.056	-23.526	-39.471	-39.530	-42.336	-33.732	-30.071	-38.461	-39.728	-32.838	-24.643	-44.910	-34.097	-31.519	-27.598	-38.406	-38.108	-41.549	-21.955	-27.711	-48.635	-37.964	-35.145	-38.860	-44.958	-36.668	-27.664	-32.105	-34.045	-41.709	-36.463	-35.208	-42.356
2JC6	-42.668	-31.166	-27.168	-35.758	-36.099	-37.416	-36.646	-26.908	-35.350	-42.079	-40.655	-32.869	-33.813	-32.026	-35.746	-35.514	-28.709	-37.123	-34.866	-30.277	-26.781	-44.116	-30.833	-36.028	-27.261	-21.110	-40.054	-44.103	-29.980	-42.949	-39.940	-35.471	-31.161	-34.246	-35.093	-41.274	-35.043	-35.489	-35.798
2JAM	-41.420	-38.910	-42.133	-40.784	-36.125	-46.784	-41.727	-31.432	-38.095	-44.982	-43.645	-35.007	-38.744	-49.051	-37.083	-36.363	-33.499	-32.339	-28.229	-37.352	-35.591	-43.488	-37.510	-39.803	-36.732	-34.079	-37.715	-36.759	-30.796	-50.810	-37.528	-32.190	-29.391	-29.697	-33.032	-39.123	-32.845	-47.862	-38.556
3AQV	-37.456	-35.024	-36.963	-30.519	-33.086	-36.306	-38.395	-36.192	-31.118	-41.448	-39.853	-33.052	-34.403	-37.205	-31.681	-31.711	-24.839	-31.054	-32.651	-37.995	-34.475	-39.506	-38.830	-34.015	-22.189	-32.448	-35.868	-36.092	-28.108	-46.961	-37.324	-32.462	-32.931	-30.266	-30.976	-33.409	-33.582	-41.662	-34.409
2J7T	-48.292	-41.668	-38.963	-40.542	-31.728	-44.492	-45.955	-37.304	-39.437	-41.709	-44.108	-45.067	-37.777	-46.938	-32.234	-33.423	-27.479	-38.752	-32.388	-35.648	-36.937	-40.423	-43.276	-40.997	-45.373	-38.060	-42.483	-41.408	-33.351	-45.161	-42.009	-40.334	-32.069	-31.501	-36.417	-39.936	-40.468	-45.238	-35.119
3KRR	-46.279	-43.504	-50.145	-41.654	-44.658	-46.087	-49.139	-37.461	-38.737	-49.633	-45.448	-47.120	-34.787	-51.585	-37.532	-37.135	-26.275	-39.153	-34.588	-37.957	-39.285	-46.686	-37.285	-42.906	-36.509	-32.726	-36.663	-40.962	-31.127	-48.216	-48.790	-44.380	-33.003	-29.932	-31.393	-45.134	-33.338	-53.753	-38.165
3GT8	-45.932	-37.023	-35.688	-45.413	-41.313	-45.143	-44.815	-26.365	-45.090	-42.779	-48.954	-35.977	-36.332	-41.754	-44.175	-41.115	-18.070	-45.247	-42.332	-36.348	-32.919	-48.641	-33.946	-45.988	-4.488	-25.402	-50.346	-42.821	-33.941	-42.275	-46.907	-36.612	-30.419	-45.566	-37.326	-48.804	-44.436	-32.727	-43.788
3FAA	-50.712	-47.747	-47.163	-43.148	-42.779	-47.860	-46.019	-34.973	-45.203	-50.740	-47.509	-51.939	-39.598	-50.529	-40.025	-44.814	-30.293	-42.664	-35.793	-39.746	-42.825	-49.415	-47.307	-41.832	-41.459	-31.122	-50.209	-46.552	-35.321	-55.354	-47.579	-50.900	-29.793	-43.368	-42.404	-48.366	-41.472	-54.904	-40.670
2A19	-44.014	-42.803	-36.108	-38.136	-34.097	-44.019	-45.923	-37.688	-36.819	-43.002	-43.482	-44.671	-43.007	-47.784	-33.692	-42.215	-30.988	-34.765	-31.908	-32.076	-39.881	-39.269	-37.331	-43.008	-35.761	-36.870	-40.933	-42.950	-33.330	-45.479	-39.859	-48.273	-32.144	-29.627	-34.315	-41.444	-35.724	-42.625	-33.854
1GAG	-51.742	-68.522	-62.734	-44.719	-37.949	-61.011	-63.761	-61.042	-41.491	-58.901	-54.332	-48.729	-54.879	-73.992	-36.748	-47.369	-31.115	-41.671	-38.962	-47.638	-50.972	-59.920	-55.818	-43.681	-39.552	-51.581	-47.660	-51.999	-33.091	-57.257	-59.819	-70.251	-35.358	-31.738	-40.703	-48.813	-40.743	-65.561	-44.534
3AGL	-43.372	-59.738	-64.357	-35.328	-38.043	-71.572	-62.354	-53.805	-39.460	-59.803	-48.341	-60.888	-50.047	-67.955	-29.270	-41.147	-35.203	-32.564	-31.526	-51.316	-64.859	-54.172	-56.896	-36.851	-48.331	-62.850	-41.359	-61.724	-26.166	-60.248	-63.227	-51.660	-39.172	-28.884	-37.675	-42.665	-32.232	-61.227	-31.500
2DQ7	-45.311	-43.249	-42.375	-36.156	-36.783	-47.212	-51.973	-42.737	-40.664	-52.256	-41.269	-49.251	-44.188	-53.955	-36.436	-45.584	-31.373	-39.934	-33.828	-35.935	-37.838	-43.878	-49.351	-43.783	-44.049	-45.526	-44.196	-48.186	-35.654	-47.783	-43.638	-50.714	-34.329	-28.379	-34.470	-45.664	-36.221	-51.851	-40.442
1S9I	-39.937	-30.286	-43.486	-40.501	-36.423	-37.213	-37.933	-26.689	-43.460	-47.326	-45.070	-28.342	-29.682	-54.549	-33.620	-38.863	-33.072	-38.407	-36.929	-34.110	-32.362	-42.256	-29.376	-41.097	-37.484	-25.398	-52.605	-32.906	-32.042	-41.239	-43.489	-35.240	-30.935	-28.202	-34.721	-36.568	-28.953	-33.789	-40.537
3PP1	-50.094	-42.749	-36.784	-48.938	-40.418	-51.176	-43.649	-35.889	-45.434	-47.453	-48.918	-41.443	-41.323	-50.652	-41.322	-48.149	-34.083	-46.168	-39.676	-38.135	-34.777	-54.621	-40.582	-51.666	-20.425	-34.488	-50.300	-44.460	-34.739	-45.496	-49.838	-41.666	-35.937	-36.688	-45.481	-43.632	-43.819	-42.929	-48.935
3LL6	-42.674	-36.903	-33.319	-37.835	-37.508	-41.384	-40.235	-26.440	-33.714	-45.164	-44.275	-40.421	-34.983	-32.289	-37.769	-46.125	-23.896	-43.389	-31.262	-33.289	-25.205	-38.798	-29.670	-40.692	-22.019	-27.287	-47.319	-43.803	-34.713	-49.128	-42.359	-42.387	-28.989	-31.638	-36.958	-43.339	-33.902	-43.216	-35.354
3O50	-51.875	-60.306	-43.966	-44.271	-40.667	-60.083	-70.471	-58.589	-44.469	-62.777	-52.051	-44.888	-38.509	-63.602	-41.984	-51.793	25.386	-41.562	-38.157	-43.757	-51.556	-55.708	-51.719	-39.460	-17.955	-18.771	-48.981	-64.240	-32.282	-65.276	-53.084	-54.429	-36.612	-41.440	-38.714	-47.206	-38.830	-58.225	-38.933
3ALN	-45.104	-41.307	-33.059	-38.710	-46.505	-47.337	-37.239	-36.410	-44.162	-49.634	-52.308	-31.814	-32.443	-43.949	-44.640	-43.527	-29.512	-42.091	-39.734	-38.515	-38.537	-53.190	-32.336	-45.933	-19.620	-29.457	-47.722	-44.967	-36.984	-44.211	-42.404	-42.824	-31.426	-40.276	-42.154	-44.284	-41.262	-41.157	-41.900
3BHY	-48.939	-51.023	-58.364	-40.281	-37.988	-65.111	-58.374	-57.688	-39.263	-62.180	-44.593	-48.200	-53.753	-55.695	-35.834	-46.288	-34.728	-38.256	-34.615	-48.843	-52.883	-57.520	-53.333	-42.610	-49.077	-51.632	-40.193	-58.410	-31.763	-55.999	-52.107	-55.396	-36.232	-22.946	-37.159	-45.742	-42.926	-58.021	-36.168
2CKE	-41.498	-47.556	-48.295	-35.754	-40.571	-54.183	-53.475	-44.455	-38.750	-58.069	-45.518	-49.578	-46.770	-56.209	-33.392	-42.101	-28.180	-34.394	-34.839	-37.339	-43.768	-47.527	-52.163	-40.705	-41.760	-42.437	-38.038	-48.759	-31.355	-47.775	-42.777	-52.867	-29.389	-31.278	-41.236	-39.716	-37.916	-53.161	-40.135
3EH9	-50.278	-63.299	-75.529	-39.670	-45.397	-76.269	-64.150	-61.690	-45.277	-72.520	-58.483	-70.662	-54.610	-72.410	-38.149	-49.588	-7.791	-44.642	-37.256	-56.830	-52.714	-58.129	-45.377	-47.471	15.644	-45.903	-48.825	-66.905	-32.843	-64.797	-58.553	-74.886	-39.394	-20.985	-40.093	-48.767	-53.696	-69.613	-34.939
2IWI	-51.235	-63.070	-76.297	-43.000	-43.246	-84.427	-71.847	-83.752	-48.249	-74.429	-58.280	-73.327	-61.676	-85.678	-43.767	-48.194	-21.072	-50.068	-38.304	-65.341	-79.203	-77.528	-72.620	-51.761	-75.389	-60.860	-42.771	-69.038	-38.416	-80.058	-69.276	-53.229	-44.329	-35.185	-42.938	-54.739	-41.631	-93.129	-46.668
2XJ1	-42.385	-63.273	-76.329	-42.354	-42.819	-83.700	-67.912	-64.855	-41.343	-73.904	-50.536	-56.144	-62.604	-61.469	-34.340	-46.308	-37.622	-40.961	-36.003	-64.364	-72.711	-72.043	-64.371	-54.300	-49.283	-31.865	-48.687	-64.930	-32.708	-66.363	-75.387	-56.943	-37.256	-23.432	-43.800	-47.700	-41.246	-70.493	-36.384
2JFL	-44.972	-42.139	-38.454	-36.273	-35.718	-48.508	-47.017	-43.030	-41.051	-48.865	-41.340	-39.935	-43.815	-50.515	-31.744	-43.368	-28.789	-36.771	-34.935	-29.432	-38.145	-43.253	-36.931	-38.798	-48.459	-35.836	-41.586	-39.271	-32.708	-44.263	-40.247	-46.347	-34.744	-31.271	-35.114	-39.516	-40.418	-44.825	-33.584
1XJD	-44.628	-52.262	-54.550	-41.252	-37.183	-65.569	-52.405	-47.881	-39.837	-59.119	-45.128	-52.502	-42.724	-60.529	-36.064	-39.237	-24.185	-41.999	-35.255	-44.757	-54.454	-56.302	-53.541	-41.793	-48.665	-46.763	-42.709	-52.767	-31.552	-57.130	-54.482	-51.860	-33.656	-25.938	-35.721	-44.348	-37.781	-59.308	-35.595
3DTC	-46.433	-33.662	-32.417	-41.458	-41.574	-44.658	-32.857	-27.629	-45.306	-43.380	-42.687	-31.558	-29.512	-30.690	-36.783	-36.811	-22.673	-37.542	-33.707	-30.028	-26.099	-40.059	-12.157	-49.662	101.397	193.035	-42.188	-38.124	-33.199	-40.077	-45.450	-33.585	-25.151	-33.436	-35.057	-39.026	-32.820	-31.717	-42.016
2ZOQ	-42.642	-31.286	-39.027	-35.843	-39.442	-44.846	-33.127	-34.803	-43.334	-40.152	-43.374	-9.812	-30.923	-27.189	-32.025	-34.911	258.303	-34.674	-34.203	-38.170	-26.629	-42.081	-34.354	-35.333	104.927	38.521	-43.490	-38.056	-33.215	-43.877	-36.715	-34.641	-28.906	-31.443	-32.219	-28.805	-38.081	-41.688	-39.612
2OJI	-45.463	-45.430	-41.070	-37.707	-38.033	-49.540	-46.454	-43.892	-41.539	-50.445	-42.378	-49.016	-36.128	-52.516	-35.404	-43.998	-30.257	-37.358	-41.292	-34.152	-44.805	-43.483	-42.218	-41.536	-42.509	-42.890	-47.401	-39.358	-33.867	-56.512	-53.682	-45.623	-35.211	-34.122	-31.146	-40.065	-32.244	-49.477	-37.484
2Z7R	-43.481	-41.707	-42.831	-37.292	-41.611	-43.980	-43.252	-39.636	-36.337	-48.055	-45.564	-43.964	-35.684	-48.851	-37.219	-42.338	-37.302	-40.514	-41.560	-36.068	-50.838	-42.069	-44.300	-42.344	-45.643	-37.458	-39.821	-43.386	-31.203	-48.302	-44.724	-56.209	-32.903	-35.602	-44.017	-43.882	-39.948	-46.818	-36.003
1T46	-41.763	-45.134	-46.281	-36.117	-29.809	-53.993	-51.178	-37.723	-41.068	-51.603	-44.081	-18.383	-45.177	-40.198	-28.704	-37.772	0	-35.768	-40.907	-37.984	-50.956	-46.284	-40.289	-42.486	28.421	0	-45.037	-62.915	-21.581	-51.411	-49.533	-38.897	-34.668	-20.255	-31.932	-33.358	-34.168	-49.447	-43.760
1UWH	-43.645	-33.841	-37.153	-38.067	-32.323	-51.015	-33.930	-28.707	-49.350	-43.209	-55.373	-29.198	-24.910	-26.341	-38.460	-37.756	168.715	-39.789	-31.259	-34.772	-42.812	-34.623	-25.225	-45.333	167.415	0	-43.321	-39.986	-25.562	-48.653	-39.881	-36.633	-28.942	-25.197	-25.841	-32.896	-40.904	-44.834	-36.708
3LXL	-43.688	-37.503	-44.724	-39.199	-38.574	-50.341	-45.138	-43.149	-42.456	-50.828	-51.337	-56.546	-37.745	-58.567	-34.128	-38.592	-26.384	-41.088	-35.506	-44.306	-43.124	-48.379	-36.278	-40.299	-20.676	-29.314	-41.183	-54.961	-35.013	-46.462	-43.080	-50.805	-31.248	-26.733	-40.521	-45.635	-42.783	-52.546	-42.508
3HRF	-51.609	-60.212	-57.012	-45.006	-46.519	-67.435	-58.829	-57.384	-49.021	-68.648	-55.385	-47.060	-51.415	-62.174	-36.899	-53.597	-28.027	-39.794	-40.367	-48.751	-57.298	-64.057	-56.537	-45.388	-55.978	-54.225	-48.224	-53.238	-30.519	-64.346	-58.434	-54.577	-40.753	-29.673	-46.718	-49.360	-46.685	-58.818	-42.660
